[0,0]
[1700,0]

[0,75]
[100,75]
[1200,75]
[1300,75]
[1400,75]
[1500,75]
[1600,75]
[1700,75]

[0,150]
[100,150]
[1200,150]
[1300,150]
[1400,150]
[1500,150]
[1600,150]
[1700,150]

[0,225]
[100,225]
[200,225]
[300,225]
[400,225]
[500,225]
[600,225]
[700,225]
[800,225]
[900,225]
[1000,225]
[1100,225]
[1200,225]
[1300,225]
[1400,225]
[1500,225]
[1600,225]
[1700,225]

[0,300]
[100,300]
[200,300]
[300,300]
[400,300]
[500,300]
[600,300]
[700,300]
[800,300]
[900,300]
[1000,300]
[1100,300]
[1200,300]
[1300,300]
[1400,300]
[1500,300]
[1600,300]
[1700,300]

[0,375]
[100,375]
[200,375]
[300,375]
[400,375]
[500,375]
[600,375]
[700,375]
[800,375]
[900,375]
[1000,375]
[1100,375]
[1200,375]
[1300,375]
[1400,375]
[1500,375]
[1600,375]
[1700,375]

[0,450]
[100,450]
[200,450]
[300,450]
[400,450]
[500,450]
[600,450]
[700,450]
[800,450]
[900,450]
[1000,450]
[1100,450]
[1300,450]

[300,525]
[400,525]
[500,525]
[600,525]
[700,525]
[800,525]
[900,525]
[1000,525]
[1100,525]
[1200,525]
[1300,525]
[1400,525]
[1500,525]
[1600,525]
[1700,525]

[300,600]
[400,600]
[500,600]
[600,600]
[700,600]
[800,600]
[900,600]
[1000,600]
[1100,600]
[1200,600]
[1300,600]
[1400,600]
[1500,600]
[1600,600]
[1700,600]


